kacorvixon:f49e55424d3c421208b9f3468258fec5d522402a:0001
Swider:18874484bf1bdde43e75f069ed921764dba34279:0002
sroka1337:98346ccd5d6238c7b82ca15f81b08192a242655b:0003
meller:b7ddbb0a6bb4655ba836afaa2614fe0f9f472b35:0005
gangster:8e4a556952ff6c02e0d5cc92c1ce08cf3392bc13:0006
SkayKay:574faf97691a6937dafdd4737f99805de552e84d:0007
Sfield:jebaccie:0008
dawid:83e68e5f863173e8868886c01655d913370045c1:0009
External:cf1dbad73557195122c83d7e20a42eed12abe6cc:0011
kubuuus:23c18935e4f1b96236caffcf5f35e4e3e97ecf4d:0012
420fun:caae79a1e3f997e3152498588eed285ee7ed7441:0013
bremu45:7f57220216c64a54006fcd7c670d9fefa59c3168:0015
czwura:3f43d87ffda7bca9d9811502eafb74c89b6a5700:0016
malylis3k:6b5980162e835c473ddc2ca9e820e3908f91e430:0017
Loczek:cec9e0617ca9e866bb894a44436f4bfc64a2b998:0018
Sergiusz:11aaae31604c15ab00dd727677b0b8e0173b2982:0019
schabowy:95c5fd3c6542945b64a156b5e329c2354989e30c:0020
biszkopcik:530d115f832fcf187567f243c7ae62feaae9528b:0022:23.01.2022
SpashPvP:17499c6e3863ab9a78c6180a4efe69ce19a3de55:0023:23.01.2022
ciaparitttttttto:4c55b9f9380184246095939038565cf077d3a349:0024
Makisko:f01c34b50fc3cdabd558336d66cce2d0121b6252:0025
agent:cebc1ddecc216a25845669932e0990f142b76053:0026
Giees:bcf4d34cc025ae9eb923bfccaea557c78a228ac3:0027
paalke:9b5fee11f07b3b50c868e58685b83e0ebba320ad:0028
ODZI5:b0613f6031b78951a2f2143aac989cc79f45bfce:0029
N3KRo_YT:5d81a54578c05f65eb9486902db999b5edfbeb6b:0030
1gvz:1830f76989d1e74c8880197e38e86243897464d6:0031
sodex:095fc4d78b554c1e08230a9556c2f365b0faf7e3:0032:28.01.20221900
Flade:20d6ff0a68c414ffafd21f4d9ce4ab735daf8828:0033:28.01.20221900
BroZ:f8a65a1baf0c58e11ccc295f2b27b02064c15cdb:0034:28.01.20221900
PadoreQ:813361f3768457be743f17ca6651633f850e49f8:0035:28.01.20221917
DiorusWr:e33aacaec84c37230af681b1bcff236997433e8c:0036:28.01.20221938
jajko1336474:6047de4508697e3660970b2e8417ddb61f698d50:0037:28.01.20222016
qqlauz:9a1affa9cce12e19f418f1b2ee0b2b79d7c4376a:0038:28.01.20222016
test:18874484bf1bdde43e75f069ed921764dba34279:6123
